A :
DWT :
[0, 5.820266013437163, 6.597825587623788, 6.518071160211548, 5.724020685027426, 6.715865516723625, 6.522297288465097, 6.648182973144685, 6.324045204768481, 6.114447938900412, 7.801669669656803]
[0, 0, 4.475514158856299, 5.541601461626328, 4.64354034688256, 4.610646920506156, 4.823412160179373, 4.922460892202366, 5.2857159212938996, 5.023844462734473, 6.5847793299259365]
[0, 0, 0, 4.482577597321892, 3.671212674526373, 4.371892297869522, 5.268201236259188, 5.81959167261823, 4.5813047419781014, 3.809854548162889, 7.053883051020648]
[0, 0, 0, 0, 4.314221757812447, 4.356342451309047, 4.871172086127672, 3.999954064220674, 5.75797422388132, 4.729738690499289, 6.032527408510759]
[0, 0, 0, 0, 0, 4.292828963489683, 4.961165728696642, 5.313714972933212, 5.229660142648754, 5.903857037797934, 6.004099977560145]
[0, 0, 0, 0, 0, 0, 4.854696263581218, 4.9853697581465894, 5.046081878596397, 3.759536374749132, 6.018321592924167]
[0, 0, 0, 0, 0, 0, 0, 6.780770137566606, 6.10292642812351, 4.465775722849912, 6.366162207676325]
[0, 0, 0, 0, 0, 0, 0, 0, 6.489275487418581, 4.430942543855508, 5.61237773896346]
[0, 0, 0, 0, 0, 0, 0, 0, 0, 4.940690658941094, 5.341624540479643]
[0, 0, 0, 0, 0, 0, 0, 0, 0, 0, 6.49138360840243]
[0, 0, 0, 0, 0, 0, 0, 0, 0, 0, 0]
DWT with properties :
[0, 275.4918256548699, 393.26130771497265, 427.22383949370123, 378.172574484488, 367.78819851600565, 393.2763723877724, 448.247993160272, 365.88446074235253, 360.15625326754525, 373.7492563875858]
[0, 0, 411.8464854732156, 381.6421921849251, 388.86514180898666, 372.19308726117015, 381.09316104464233, 432.26516514644027, 332.78509403858334, 320.8777583807241, 447.1489828452468]
[0, 0, 0, 154.60488306172192, 101.83191944658756, 146.49365060403943, 199.3853008672595, 206.08932169526815, 463.7682801997289, 458.3288369241636, 212.9474380016327]
[0, 0, 0, 0, 114.7276916000992, 164.0013125743717, 150.05496153607965, 195.94141204841435, 431.18658426683396, 428.5425406561699, 205.0411797631532]
[0, 0, 0, 0, 0, 114.20030667260289, 142.12502165324986, 196.56867813318968, 401.5645858263597, 425.42200139001943, 177.6073815897107]
[0, 0, 0, 0, 0, 0, 112.31340407766402, 164.82114470750093, 375.07054760400206, 400.0440103288274, 234.82097028568387]
[0, 0, 0, 0, 0, 0, 0, 193.77448040433228, 390.54207886289805, 408.5299908274319, 231.0928332414478]
[0, 0, 0, 0, 0, 0, 0, 0, 451.075667177327, 474.1368435600307, 239.801574613899]
[0, 0, 0, 0, 0, 0, 0, 0, 0, 346.5873217068147, 467.2465660730377]
[0, 0, 0, 0, 0, 0, 0, 0, 0, 0, 524.7776146472897]
[0, 0, 0, 0, 0, 0, 0, 0, 0, 0, 0]
HMM :
[0, 57.9470198675498, 63.67221070724449, 57.9470198675498, 35.45567038658115, 57.9470198675498, 57.9470198675498, 74.01844843897854, 52.76726584673597, 57.9470198675498, 88.0095876275191]
[0, 0, 5.725190839694694, 0.0, 22.491349480968648, 0.0, 0.0, 16.071428571428736, 110.71428571428577, 0.0, 145.95660749506888]
[0, 0, 0, 5.725190839694694, 28.21654032066334, 5.725190839694694, 5.725190839694694, 10.346237731734043, 116.43947655398046, 5.725190839694694, 151.68179833476358]
[0, 0, 0, 0, 22.491349480968648, 0.0, 0.0, 16.071428571428736, 110.71428571428577, 0.0, 145.95660749506888]
[0, 0, 0, 0, 0, 22.491349480968648, 22.491349480968648, 38.562778052397384, 88.22293623331711, 22.491349480968648, 123.46525801410024]
[0, 0, 0, 0, 0, 0, 0.0, 16.071428571428736, 110.71428571428577, 0.0, 145.95660749506888]
[0, 0, 0, 0, 0, 0, 0, 16.071428571428736, 110.71428571428577, 0.0, 145.95660749506888]
[0, 0, 0, 0, 0, 0, 0, 0, 126.7857142857145, 16.071428571428736, 162.02803606649763]
[0, 0, 0, 0, 0, 0, 0, 0, 0, 110.71428571428577, 35.24232178078313]
[0, 0, 0, 0, 0, 0, 0, 0, 0, 0, 145.95660749506888]
[0, 0, 0, 0, 0, 0, 0, 0, 0, 0, 0]
HMM with properties :
[0, 105.26315789473672, 421.05263157894734, 263.157894736842, 315.7894736842104, 105.26315789473695, 0.0, 157.89473684210532, 192.98245614035082, 52.63157894736836, 315.7894736842104]
[0, 0, 315.78947368421063, 157.89473684210532, 210.52631578947367, 210.52631578947367, 105.26315789473672, 263.157894736842, 87.71929824561408, 52.63157894736836, 210.52631578947367]
[0, 0, 0, 157.89473684210532, 105.26315789473695, 526.3157894736843, 421.05263157894734, 578.9473684210526, 228.07017543859652, 368.42105263157896, 105.26315789473695]
[0, 0, 0, 0, 52.63157894736836, 368.42105263157896, 263.157894736842, 421.05263157894734, 70.17543859649122, 210.52631578947367, 52.63157894736836]
[0, 0, 0, 0, 0, 421.05263157894734, 315.7894736842104, 473.6842105263157, 122.80701754385959, 263.157894736842, 0.0]
[0, 0, 0, 0, 0, 0, 105.26315789473695, 52.63157894736836, 298.2456140350878, 157.89473684210532, 421.05263157894734]
[0, 0, 0, 0, 0, 0, 0, 157.89473684210532, 192.98245614035082, 52.63157894736836, 315.7894736842104]
[0, 0, 0, 0, 0, 0, 0, 0, 350.8771929824561, 210.52631578947367, 473.6842105263157]
[0, 0, 0, 0, 0, 0, 0, 0, 0, 140.35087719298244, 122.80701754385959]
[0, 0, 0, 0, 0, 0, 0, 0, 0, 0, 263.157894736842]
[0, 0, 0, 0, 0, 0, 0, 0, 0, 0, 0]

B :

Mahdi :
DWT :
[8.041015797598448, 7.476985611461714, 6.902769874399382]
[8.69317308635459, 6.028753485311654, 5.148867172016139]
[10.385457197160918, 7.427044719225137, 5.41742265884352]
[8.897948879686737, 6.790435102044285, 5.199756147512744]
[9.258370495790587, 6.089310572328941, 5.327726795343551]
[9.396815609770329, 6.1249825954960215, 5.609932566924272]
[8.979642596529402, 6.096236195168558, 5.390835236891462]
[8.779412928448892, 7.111285723344736, 5.820843045780293]
[9.54667770330525, 7.7540506092791475, 5.999625787935656]
[9.324378306602739, 6.400981931732531, 5.697610702998645]
[10.544300718257546, 7.993472595978346, 6.17022695007563]
DWT with properties :
[500.7841798008885, 516.4101240567397, 451.8023859576788]
[470.82767111063004, 395.78495269361883, 455.328482657671]
[504.7716949954629, 444.08170186635107, 454.20087143033743]
[457.29646574147046, 398.9027646323666, 422.85145021788776]
[441.063577093184, 402.3842734163627, 419.753195412457]
[422.7776876874268, 378.69718409422785, 400.43171413615346]
[408.50845652632415, 362.93638395983726, 394.06653442420065]
[381.9845840074122, 356.42437131889164, 377.06106535717845]
[566.7809604937211, 559.4200590122491, 523.1585342222825]
[652.12567050918, 610.4809651139658, 634.3502437232528]
[391.71620919555426, 368.5174109162763, 356.6244387254119]
HMM :
[340.6901181222288, 21.04016573749723, 16.004415011037665]
[398.63713798977864, 36.906854130052565, 41.94260485651213]
[404.3623288294733, 42.63204496974726, 47.667795696206824]
[398.63713798977864, 36.906854130052565, 41.94260485651213]
[376.14578850880997, 14.415504649083921, 19.451255375543486]
[398.63713798977864, 36.906854130052565, 41.94260485651213]
[398.63713798977864, 36.906854130052565, 41.94260485651213]
[414.70856656120736, 52.978282701481305, 58.01403342794087]
[287.92285227549286, 73.8074315842332, 68.77168085777363]
[398.63713798977864, 36.906854130052565, 41.94260485651213]
[252.68053049470973, 109.04975336501633, 104.01400263855676]
HMM with properties :
[894.736842105263, 473.6842105263157, 736.8421052631577]
[789.4736842105264, 368.42105263157896, 631.578947368421]
[473.6842105263157, 52.63157894736836, 315.7894736842104]
[631.578947368421, 210.52631578947367, 473.6842105263157]
[578.9473684210526, 157.89473684210532, 421.05263157894734]
[1000.0, 578.9473684210526, 842.1052631578947]
[894.736842105263, 473.6842105263157, 736.8421052631577]
[1052.6315789473683, 631.578947368421, 894.736842105263]
[701.7543859649122, 280.7017543859649, 543.8596491228069]
[842.1052631578947, 421.05263157894734, 684.2105263157894]
[578.9473684210526, 157.89473684210532, 421.05263157894734]

Mohammad Mahdi :
DWT :
[7.900459256568865, 7.956544238379138, 9.20108527418256]
[6.551954126404212, 6.077464799939094, 8.05040437612729]
[5.70540899580044, 7.5438732049047985, 7.387138994367035]
[6.792973224637535, 6.548872151766773, 8.327475573664799]
[7.099989077505597, 8.060761978804294, 7.223335751290392]
[6.650637389800522, 6.1626580339875545, 7.595510744985006]
[6.7006566298084635, 7.158104325764498, 7.960725555060719]
[7.044506112896215, 6.490890010865314, 8.562385478172075]
[5.901432121732796, 6.76733577091818, 8.831747110677554]
[5.969033891351501, 7.061089837608961, 8.043441512351137]
[6.225168587777262, 7.655201116051103, 7.125751783716794]
DWT with properties :
[555.4125015048776, 710.292480450822, 504.7095903845038]
[531.3227091003209, 660.1800144035369, 509.1175196841359]
[618.3405852112919, 653.8432075995952, 505.337791480124]
[550.1928291711956, 612.3555060476065, 453.15270513668656]
[578.9283399712294, 635.0130304638296, 459.87579253315926]
[543.0369019862264, 625.5691505577415, 423.0297416485846]
[522.4782196879387, 601.0144494622946, 406.1591245699674]
[518.3445955049247, 568.9853521417826, 378.22944832220674]
[705.3197284871712, 612.2385342856869, 522.4925903277472]
[736.0571920608636, 761.4719305930194, 646.3942075658124]
[524.3535070363432, 566.4159409794956, 390.5615265443921]
HMM :
[363.4012947391918, 262.05298013245005, 107.05298013245024]
[421.3483146067416, 319.99999999999983, 165.00000000000003]
[427.0735054464363, 325.7251908396945, 170.72519083969473]
[421.3483146067416, 319.99999999999983, 165.00000000000003]
[398.85696512577294, 297.5086505190312, 142.5086505190314]
[421.3483146067416, 319.99999999999983, 165.00000000000003]
[421.3483146067416, 319.99999999999983, 165.00000000000003]
[437.41974317817034, 336.07142857142856, 181.07142857142878]
[310.63402889245583, 209.28571428571408, 54.28571428571427]
[421.3483146067416, 319.99999999999983, 165.00000000000003]
[275.3917071116727, 174.04339250493095, 19.043392504931145]
HMM with properties :
[736.8421052631577, 421.05263157894734, 789.4736842105264]
[631.578947368421, 315.78947368421063, 684.2105263157896]
[315.7894736842104, 0.0, 368.42105263157896]
[473.6842105263157, 157.89473684210532, 526.3157894736843]
[421.05263157894734, 105.26315789473695, 473.68421052631595]
[842.1052631578947, 526.3157894736843, 894.7368421052632]
[736.8421052631577, 421.05263157894734, 789.4736842105264]
[894.736842105263, 578.9473684210526, 947.3684210526317]
[543.8596491228069, 228.07017543859652, 596.4912280701756]
[684.2105263157894, 368.42105263157896, 736.8421052631579]
[421.05263157894734, 105.26315789473695, 473.68421052631595]

C :
DWT :
[6.600336663071175, 5.276146550290832, 6.300242363394773, 6.628197424663085, 4.636066798955653, 5.64280655970731, 4.8162354479429155, 5.509265791671169, 5.425233421258326, 6.217499877335285, 6.079614923191002]
[5.562590726426265, 5.178835695923112, 6.160987891560239, 5.159125352658634, 3.9165912708323276, 4.554920344777429, 4.843874248730799, 4.604114497623073, 4.899080294342298, 4.993716665820898, 4.955233860934527]
[3.582805445116037, 4.138625257070657, 4.175643970932583, 5.740831099510274, 4.165087222647003, 5.6930556123346605, 3.1498930952680553, 4.944835590921343, 4.885722158050271, 3.1345906506554684, 4.28457067578654]
[4.344257412357365, 4.9549591744371355, 5.084487166504459, 5.139910092821083, 3.726697020652864, 4.725787140506441, 4.2280266068211745, 4.027301298493512, 3.9680149521395833, 4.815785018079623, 4.858638882496052]
[6.454628000673438, 6.146770460069092, 4.399919921858327, 5.884506333819445, 5.3787527338481596, 5.761398801077235, 4.761050655061069, 5.043553299746236, 5.2656434569098565, 4.345870750024915, 5.064012673239631]
[4.356074887614795, 4.415677269056232, 5.246536274170921, 4.835075763328405, 3.9635411894164463, 4.04854318748778, 4.729335452248847, 4.244995421729527, 4.574841855023351, 4.107797727093839, 4.431104370947196]
[4.878166215446754, 5.2504885616842785, 4.907835765960272, 6.961177495140191, 4.67757731253073, 4.022513455971762, 5.095497802477837, 4.516840850190647, 4.996851607074632, 4.413475565172803, 4.8843764565501715]
[5.277139088781496, 4.924037809495985, 4.965902347213159, 5.185013383892056, 4.507298919816549, 4.836472097352839, 4.990381641702072, 4.489673459247115, 5.595298251948861, 6.353997749141399, 5.323359098858873]
[5.954511255298712, 5.9241870762480175, 5.706490162373939, 7.818939824765039, 6.173573051883068, 5.816445836674461, 5.687117882347422, 5.13917488279094, 4.483147345987618, 5.619191214957027, 6.5475766871541055]
[3.8956992781922963, 4.5208290469172425, 5.543670564379681, 5.5487957024142815, 3.96036881778673, 4.934516139096672, 4.163544346158062, 5.397592629217797, 4.886432353756845, 4.643197012428573, 4.519472567181765]
[6.443945801423979, 5.5118949288917065, 6.039461612278956, 6.805486249709247, 5.943864285790369, 5.479260814709164, 6.029558130151429, 5.673707811740314, 5.771052264994523, 6.2453101749260895, 5.560640611796771]
DWT with properties :
[370.02320728474297, 326.9457878933754, 451.38208412961103, 515.2237144841347, 344.1903647372965, 518.9498741661664, 501.71587916021235, 435.5384362244513, 639.2754130179528, 564.6348814817611, 515.5973036193755]
[443.72916681319475, 263.5041786581278, 467.62841799482703, 436.6504292450845, 299.1713693384081, 456.37037954479456, 469.15897930413485, 439.09859747136943, 540.6828307807446, 509.3665815917775, 408.86349653825164]
[343.7084871456027, 446.5850633755326, 262.36989976093173, 300.44539753720164, 436.2602365408093, 433.687888212502, 389.5307328738272, 245.89599587698467, 506.89747106283903, 389.7030550399795, 336.1092111878097]
[311.74758091010153, 450.6354700438678, 276.9252604711801, 275.695208536461, 407.8462759181857, 368.4410390984267, 320.21254015527666, 215.77041572076268, 482.0337498206645, 366.16503777727485, 323.2993594426662]
[297.0087712109089, 421.4397010207176, 247.55957009270787, 292.45611668005586, 386.0607630442828, 380.4785629659891, 351.5692720748484, 205.8149094195105, 466.1297241933644, 358.30551506672055, 307.9683456234634]
[339.202002633363, 408.11027198657393, 263.10629671067, 237.35141986608505, 371.7132722940296, 351.68341863155365, 301.1386753208935, 250.91286335815676, 440.8925605081022, 320.4226019224152, 298.8231784030795]
[356.70021721720695, 406.2154853437096, 282.4203826356679, 255.41415564529598, 347.9756388552487, 310.7442640569061, 280.2380469497293, 235.4074567151256, 450.5179143771529, 333.33196775522083, 304.68251424096525]
[405.29235020652413, 531.1637986861169, 225.1324301622808, 173.7930349856615, 443.4344475399703, 315.4334377758205, 280.5271316058934, 267.7488639287185, 520.0631228722632, 274.50970819219947, 246.52924143522978]
[524.1392572587356, 365.3800758132711, 552.8902352089062, 528.7958355238661, 453.4064235119149, 524.0693665491417, 553.5986312413588, 544.9536491683684, 533.1791945779696, 607.2504604514688, 592.5439255880192]
[499.72247198340483, 434.80710774776526, 536.9862514671404, 516.3160736684222, 432.82368577760644, 603.1307339002378, 554.281274804147, 520.1555210766383, 614.3256798593793, 611.4017006366048, 531.4878266323358]
[275.5291111320257, 420.58988966047764, 218.75161522254348, 321.5078671835363, 410.5704264137894, 349.5692217350006, 363.98549944907427, 191.05867840046994, 549.5660626515746, 388.9105679066852, 354.2567900530994]
HMM :
[11.8215586129371, 43.68637396185137, 1.2245777655861545, 50.83160608664849, 70.44701986754998, 57.9470198675498, 6.424771623990022, 2.5898770104069158, 35.76001511319183, 57.9470198675498, 18.040822077738827]
[46.1254612546127, 101.63339382940117, 59.17159763313595, 108.77862595419829, 12.500000000000178, 0.0, 51.52224824355977, 55.35714285714288, 22.187004754357975, 0.0, 75.98784194528862]
[51.85065209430739, 107.35858466909588, 64.89678847283065, 114.50381679389298, 6.774809160305484, 5.725190839694694, 57.24743908325447, 61.08233369683758, 27.91219559405267, 5.725190839694694, 81.71303278498331]
[46.1254612546127, 101.63339382940117, 59.17159763313595, 108.77862595419829, 12.500000000000178, 0.0, 51.52224824355977, 55.35714285714288, 22.187004754357975, 0.0, 75.98784194528862]
[23.63411177364405, 79.14204434843253, 36.68024815216731, 86.28727647322964, 34.99134948096882, 22.491349480968648, 29.03089876259113, 32.86579337617424, 0.30434472661067247, 22.491349480968648, 53.49649246431998]
[46.1254612546127, 101.63339382940117, 59.17159763313595, 108.77862595419829, 12.500000000000178, 0.0, 51.52224824355977, 55.35714285714288, 22.187004754357975, 0.0, 75.98784194528862]
[46.1254612546127, 101.63339382940117, 59.17159763313595, 108.77862595419829, 12.500000000000178, 0.0, 51.52224824355977, 55.35714285714288, 22.187004754357975, 0.0, 75.98784194528862]
[62.196889826041435, 117.70482240082991, 75.24302620456469, 124.85005452562703, 3.5714285714285587, 16.071428571428736, 67.59367681498851, 71.42857142857162, 38.25843332578671, 16.071428571428736, 92.05927051671736]
[64.58882445967306, 9.08089188488459, 51.54268808114981, 1.9356597600874714, 123.21428571428595, 110.71428571428577, 59.19203747072599, 55.35714285714288, 88.5272809599278, 110.71428571428577, 34.72644376899714]
[46.1254612546127, 101.63339382940117, 59.17159763313595, 108.77862595419829, 12.500000000000178, 0.0, 51.52224824355977, 55.35714285714288, 22.187004754357975, 0.0, 75.98784194528862]
[99.83114624045619, 44.323213665667716, 86.78500986193293, 37.1779815408706, 158.45660749506908, 145.95660749506888, 94.43435925150911, 90.599464637926, 123.76960274071092, 145.95660749506888, 69.96876554978027]
HMM with properties :
[605.263157894737, 605.263157894737, 105.26315789473695, 105.26315789473695, 605.263157894737, 421.05263157894734, 105.26315789473672, 315.7894736842104, 298.24561403508756, 157.89473684210532, 368.42105263157873]
[500.0000000000002, 500.0000000000002, 210.52631578947367, 210.52631578947367, 500.0000000000002, 315.78947368421063, 0.0, 210.52631578947367, 192.98245614035082, 263.157894736842, 263.157894736842]
[184.2105263157896, 184.2105263157896, 526.3157894736843, 526.3157894736843, 184.2105263157896, 0.0, 315.78947368421063, 105.26315789473695, 122.80701754385981, 578.9473684210526, 52.63157894736858]
[342.1052631578949, 342.1052631578949, 368.42105263157896, 368.42105263157896, 342.1052631578949, 157.89473684210532, 157.89473684210532, 52.63157894736836, 35.0877192982455, 421.05263157894734, 105.26315789473672]
[289.4736842105265, 289.4736842105265, 421.05263157894734, 421.05263157894734, 289.4736842105265, 105.26315789473695, 210.52631578947367, 0.0, 17.54385964912286, 473.6842105263157, 52.63157894736836]
[710.5263157894739, 710.5263157894739, 0.0, 0.0, 710.5263157894739, 526.3157894736843, 210.52631578947367, 421.05263157894734, 403.5087719298245, 52.63157894736836, 473.6842105263157]
[605.263157894737, 605.263157894737, 105.26315789473695, 105.26315789473695, 605.263157894737, 421.05263157894734, 105.26315789473672, 315.7894736842104, 298.24561403508756, 157.89473684210532, 368.42105263157873]
[763.1578947368423, 763.1578947368423, 52.63157894736836, 52.63157894736836, 763.1578947368423, 578.9473684210526, 263.157894736842, 473.6842105263157, 456.1403508771929, 0.0, 526.315789473684]
[412.28070175438614, 412.28070175438614, 298.2456140350878, 298.2456140350878, 412.28070175438614, 228.07017543859652, 87.71929824561408, 122.80701754385959, 105.26315789473672, 350.8771929824561, 175.43859649122794]
[552.6315789473686, 552.6315789473686, 157.89473684210532, 157.89473684210532, 552.6315789473686, 368.42105263157896, 52.63157894736836, 263.157894736842, 245.61403508771917, 210.52631578947367, 315.7894736842104]
[289.4736842105265, 289.4736842105265, 421.05263157894734, 421.05263157894734, 289.4736842105265, 105.26315789473695, 210.52631578947367, 0.0, 17.54385964912286, 473.6842105263157, 52.63157894736836]
